# Each row of the table below corresponds to a row of Fig. S4.
# The first two entries for each row give the neutrino energy range in log_10(E_nu/TeV).
# Each of the remaining 22 columns of the table corresponds to a column of Fig. S4.
# The columns span the muon energy proxy range (in log_10(E_mu/TeV)) from -0.4 to 4.0 in steps of 0.2
-1.00 , -0.75 :   3.03e-01  5.04e-01  1.78e-01  1.54e-02  1.38e-04  0.00e+00  0.00e+00  0.00e+00  0.00e+00  0.00e+00  0.00e+00  0.00e+00  0.00e+00  0.00e+00  0.00e+00  0.00e+00  0.00e+00  0.00e+00  0.00e+00  0.00e+00  0.00e+00  0.00e+00
-0.75 , -0.50 :   2.94e-01  4.94e-01  1.88e-01  2.18e-02  1.10e-03  1.96e-04  0.00e+00  3.09e-05  0.00e+00  0.00e+00  0.00e+00  0.00e+00  0.00e+00  0.00e+00  0.00e+00  0.00e+00  0.00e+00  0.00e+00  0.00e+00  0.00e+00  0.00e+00  0.00e+00
-0.50 , -0.25 :   2.45e-01  4.93e-01  2.22e-01  3.60e-02  3.95e-03  3.39e-04  2.31e-05  0.00e+00  0.00e+00  0.00e+00  0.00e+00  0.00e+00  0.00e+00  0.00e+00  0.00e+00  0.00e+00  0.00e+00  0.00e+00  0.00e+00  0.00e+00  0.00e+00  0.00e+00
-0.25 ,  0.00 :   1.95e-01  4.60e-01  2.68e-01  6.48e-02  1.00e-02  1.18e-03  7.95e-05  0.00e+00  0.00e+00  0.00e+00  0.00e+00  0.00e+00  0.00e+00  0.00e+00  0.00e+00  0.00e+00  0.00e+00  0.00e+00  0.00e+00  0.00e+00  0.00e+00  0.00e+00
 0.00 ,  0.25 :   1.46e-01  4.02e-01  3.13e-01  1.10e-01  2.38e-02  4.68e-03  8.07e-04  1.09e-05  0.00e+00  0.00e+00  0.00e+00  0.00e+00  0.00e+00  0.00e+00  0.00e+00  0.00e+00  0.00e+00  0.00e+00  0.00e+00  0.00e+00  0.00e+00  0.00e+00
 0.25 ,  0.50 :   1.04e-01  3.24e-01  3.35e-01  1.68e-01  5.46e-02  1.24e-02  2.14e-03  2.67e-04  0.00e+00  2.13e-05  0.00e+00  0.00e+00  0.00e+00  0.00e+00  0.00e+00  0.00e+00  0.00e+00  0.00e+00  0.00e+00  0.00e+00  0.00e+00  0.00e+00
 0.50 ,  0.75 :   7.18e-02  2.46e-01  3.16e-01  2.28e-01  9.90e-02  2.92e-02  7.75e-03  1.56e-03  3.31e-04  1.01e-04  0.00e+00  0.00e+00  0.00e+00  0.00e+00  0.00e+00  0.00e+00  0.00e+00  0.00e+00  0.00e+00  0.00e+00  0.00e+00  0.00e+00
 0.75 ,  1.00 :   4.95e-02  1.83e-01  2.62e-01  2.52e-01  1.59e-01  6.89e-02  1.89e-02  4.67e-03  8.87e-04  1.18e-04  0.00e+00  0.00e+00  0.00e+00  0.00e+00  0.00e+00  0.00e+00  0.00e+00  0.00e+00  0.00e+00  0.00e+00  0.00e+00  0.00e+00
 1.00 ,  1.25 :   3.84e-02  1.34e-01  2.00e-01  2.25e-01  2.01e-01  1.32e-01  5.19e-02  1.58e-02  2.24e-03  8.43e-04  5.78e-05  0.00e+00  0.00e+00  0.00e+00  0.00e+00  0.00e+00  0.00e+00  0.00e+00  0.00e+00  0.00e+00  0.00e+00  0.00e+00
 1.25 ,  1.50 :   2.93e-02  9.66e-02  1.58e-01  1.85e-01  1.94e-01  1.64e-01  1.09e-01  4.67e-02  1.38e-02  2.55e-03  3.87e-04  1.87e-04  0.00e+00  0.00e+00  0.00e+00  0.00e+00  0.00e+00  0.00e+00  0.00e+00  0.00e+00  0.00e+00  0.00e+00
 1.50 ,  1.75 :   2.38e-02  8.12e-02  1.24e-01  1.50e-01  1.55e-01  1.57e-01  1.44e-01  1.06e-01  4.48e-02  1.16e-02  3.13e-03  2.83e-04  0.00e+00  0.00e+00  0.00e+00  0.00e+00  0.00e+00  0.00e+00  0.00e+00  0.00e+00  0.00e+00  0.00e+00
 1.75 ,  2.00 :   1.83e-02  6.61e-02  1.04e-01  1.19e-01  1.31e-01  1.36e-01  1.40e-01  1.26e-01  1.01e-01  4.39e-02  1.17e-02  2.38e-03  3.13e-04  0.00e+00  0.00e+00  0.00e+00  0.00e+00  0.00e+00  0.00e+00  0.00e+00  0.00e+00  0.00e+00
 2.00 ,  2.25 :   1.64e-02  5.74e-02  8.77e-02  9.89e-02  1.13e-01  1.14e-01  1.18e-01  1.20e-01  1.19e-01  9.58e-02  4.59e-02  1.17e-02  2.05e-03  3.99e-04  0.00e+00  0.00e+00  0.00e+00  0.00e+00  0.00e+00  0.00e+00  0.00e+00  0.00e+00
 2.25 ,  2.50 :   1.33e-02  4.19e-02  7.28e-02  8.76e-02  9.75e-02  1.02e-01  1.07e-01  1.05e-01  1.10e-01  1.02e-01  9.84e-02  4.47e-02  1.38e-02  2.41e-03  3.76e-04  0.00e+00  0.00e+00  0.00e+00  0.00e+00  0.00e+00  0.00e+00  0.00e+00
 2.50 ,  2.75 :   1.33e-02  4.73e-02  6.33e-02  7.32e-02  8.42e-02  9.03e-02  8.96e-02  9.70e-02  9.85e-02  9.70e-02  9.11e-02  8.82e-02  5.15e-02  1.33e-02  2.22e-03  0.00e+00  0.00e+00  0.00e+00  0.00e+00  0.00e+00  0.00e+00  0.00e+00
 2.75 ,  3.00 :   1.24e-02  4.26e-02  6.39e-02  6.07e-02  7.64e-02  7.85e-02  7.65e-02  8.94e-02  8.22e-02  9.07e-02  7.85e-02  9.12e-02  7.99e-02  5.68e-02  1.73e-02  2.87e-03  1.96e-04  0.00e+00  0.00e+00  0.00e+00  0.00e+00  0.00e+00
 3.00 ,  3.25 :   9.59e-03  3.89e-02  4.99e-02  6.57e-02  7.29e-02  7.41e-02  7.49e-02  6.99e-02  7.03e-02  7.17e-02  7.88e-02  8.86e-02  7.17e-02  8.43e-02  5.36e-02  2.25e-02  1.60e-03  1.02e-03  2.07e-04  0.00e+00  0.00e+00  0.00e+00
 3.25 ,  3.50 :   1.13e-02  3.18e-02  4.75e-02  5.72e-02  6.86e-02  5.98e-02  6.73e-02  6.65e-02  7.17e-02  7.11e-02  7.16e-02  7.52e-02  7.05e-02  6.96e-02  7.21e-02  5.84e-02  2.54e-02  3.94e-03  5.20e-04  0.00e+00  0.00e+00  0.00e+00
 3.50 ,  3.75 :   9.77e-03  2.80e-02  4.52e-02  5.28e-02  5.60e-02  5.90e-02  5.98e-02  6.27e-02  6.37e-02  6.34e-02  6.44e-02  6.55e-02  6.11e-02  7.20e-02  7.43e-02  6.67e-02  5.89e-02  3.01e-02  6.12e-03  2.20e-04  2.12e-04  0.00e+00
 3.75 ,  4.00 :   8.02e-03  2.75e-02  4.41e-02  4.81e-02  5.10e-02  6.43e-02  5.88e-02  5.61e-02  5.59e-02  6.36e-02  6.08e-02  5.79e-02  6.21e-02  5.52e-02  6.35e-02  6.59e-02  5.98e-02  5.78e-02  3.26e-02  5.67e-03  1.20e-03  0.00e+00
 4.00 ,  4.25 :   4.22e-03  3.83e-02  4.79e-02  3.29e-02  5.82e-02  5.78e-02  5.93e-02  4.00e-02  5.36e-02  6.29e-02  6.10e-02  6.48e-02  4.95e-02  5.73e-02  5.16e-02  5.39e-02  5.38e-02  5.09e-02  6.21e-02  3.55e-02  4.09e-03  4.54e-04
 4.25 ,  4.50 :   9.10e-03  2.74e-02  4.54e-02  3.60e-02  4.90e-02  6.69e-02  5.05e-02  5.33e-02  5.63e-02  6.52e-02  5.62e-02  5.12e-02  5.17e-02  6.15e-02  3.76e-02  5.48e-02  3.52e-02  5.44e-02  4.60e-02  4.89e-02  3.28e-02  1.01e-02
 4.50 ,  4.75 :   3.71e-03  1.34e-02  3.86e-02  5.30e-02  3.04e-02  5.23e-02  5.68e-02  5.31e-02  5.85e-02  5.32e-02  6.57e-02  4.85e-02  4.81e-02  4.86e-02  4.11e-02  4.82e-02  3.43e-02  6.49e-02  7.48e-02  4.95e-02  2.46e-02  3.87e-02
 4.75 ,  5.00 :   9.87e-03  1.91e-02  3.90e-02  3.26e-02  3.34e-02  5.06e-02  5.05e-02  3.13e-02  3.39e-02  5.66e-02  6.83e-02  7.06e-02  5.89e-02  3.52e-02  5.17e-02  6.75e-02  6.13e-02  3.75e-02  5.33e-02  5.83e-02  4.41e-02  3.64e-02
 5.00 ,  5.25 :   1.68e-02  2.33e-02  5.65e-02  4.93e-02  3.80e-02  5.26e-02  4.99e-02  6.15e-02  5.52e-02  7.25e-02  4.74e-02  4.02e-02  5.30e-02  6.22e-02  6.67e-02  5.50e-02  3.37e-02  3.72e-02  4.54e-02  2.60e-02  3.87e-02  1.89e-02
 5.25 ,  5.50 :   1.07e-02  2.00e-02  2.47e-02  4.62e-02  4.26e-02  3.80e-02  2.08e-02  8.11e-02  6.54e-02  2.46e-02  5.58e-02  5.75e-02  6.57e-02  4.24e-02  5.44e-02  4.33e-02  5.75e-02  3.56e-02  7.88e-02  3.74e-02  5.25e-02  4.51e-02
 5.50 ,  5.75 :   9.38e-03  2.06e-02  3.21e-02  4.04e-02  3.90e-02  7.56e-02  6.42e-02  4.45e-02  4.38e-02  4.93e-02  6.74e-02  3.59e-02  6.15e-02  6.24e-02  5.03e-02  4.25e-02  6.57e-02  4.14e-02  4.50e-02  4.60e-02  2.78e-02  3.54e-02
 5.75 ,  6.00 :   9.02e-03  3.89e-02  4.15e-02  2.91e-02  4.17e-02  5.26e-02  4.56e-02  4.59e-02  3.84e-02  6.19e-02  5.35e-02  6.33e-02  4.64e-02  6.30e-02  4.30e-02  5.59e-02  5.58e-02  3.57e-02  4.96e-02  5.27e-02  5.27e-02  2.38e-02
